{
    "value0": {
        "Name": "Š²",
        "Diffuse": {
            "r": 0.800000011920929,
            "g": 0.800000011920929,
            "b": 0.800000011920929,
            "a": 1.0
        },
        "Specular": {
            "r": 0.0,
            "g": 0.0,
            "b": 0.0
        },
        "SpecularPower": 5.0,
        "Ambient": {
            "r": 0.4000000059604645,
            "g": 0.4000000059604645,
            "b": 0.4000000059604645
        },
        "Emissive": {
            "r": 0.0,
            "g": 0.0,
            "b": 0.0
        },
        "Metallic": 0.0,
        "Roughness": 0.5,
        "DrawFlag": 12,
        "EdgeColor": {
            "r": 0.0,
            "g": 0.0,
            "b": 0.0,
            "a": 1.0
        },
        "EdgeSize": 1.0,
        "TextureIndex": 0,
        "SphereTextureIndex": -1,
        "SphereMode": 0,
        "ToonFlag": 1,
        "ToonTextureIndex": 0,
        "FaceNum": 10998
    },
    "value1": {
        "Name": "—t",
        "Diffuse": {
            "r": 0.800000011920929,
            "g": 0.800000011920929,
            "b": 0.800000011920929,
            "a": 1.0
        },
        "Specular": {
            "r": 0.0,
            "g": 0.0,
            "b": 0.0
        },
        "SpecularPower": 5.0,
        "Ambient": {
            "r": 0.4000000059604645,
            "g": 0.4000000059604645,
            "b": 0.4000000059604645
        },
        "Emissive": {
            "r": 0.0,
            "g": 0.0,
            "b": 0.0
        },
        "Metallic": 0.0,
        "Roughness": 1.0,
        "DrawFlag": 13,
        "EdgeColor": {
            "r": 0.0,
            "g": 0.0,
            "b": 0.0,
            "a": 1.0
        },
        "EdgeSize": 1.0,
        "TextureIndex": 1,
        "SphereTextureIndex": -1,
        "SphereMode": 0,
        "ToonFlag": 1,
        "ToonTextureIndex": 0,
        "FaceNum": 10476
    }
}