{
    "value0": {
        "Name": "Material.001",
        "Diffuse": {
            "r": 0.800000011920929,
            "g": 0.800000011920929,
            "b": 0.800000011920929,
            "a": 1.0
        },
        "Specular": {
            "r": 1.0,
            "g": 1.0,
            "b": 1.0
        },
        "SpecularPower": 50.0,
        "Ambient": {
            "r": 0.320000022649765,
            "g": 0.320000022649765,
            "b": 0.320000022649765
        },
        "Emissive": {
            "r": 0.0,
            "g": 0.0,
            "b": 0.0
        },
        "Metallic": 0.0,
        "Roughness": 0.5,
        "DrawFlag": 30,
        "EdgeColor": {
            "r": 0.0,
            "g": 0.0,
            "b": 0.0,
            "a": 1.0
        },
        "EdgeSize": 1.0,
        "TextureIndex": -1,
        "SphereTextureIndex": -1,
        "SphereMode": 0,
        "ToonFlag": 1,
        "ToonTextureIndex": 0,
        "FaceNum": 0
    },
    "value1": {
        "Name": "Šî–{",
        "Diffuse": {
            "r": 0.8490757346153259,
            "g": 0.9558823704719544,
            "b": 0.8387399315834045,
            "a": 1.0
        },
        "Specular": {
            "r": 1.0,
            "g": 1.0,
            "b": 1.0
        },
        "SpecularPower": 0.0,
        "Ambient": {
            "r": 0.4000000059604645,
            "g": 0.4000000059604645,
            "b": 0.4000000059604645
        },
        "Emissive": {
            "r": 0.0,
            "g": 0.0,
            "b": 0.0
        },
        "Metallic": 0.0,
        "Roughness": 0.7000000476837158,
        "DrawFlag": 30,
        "EdgeColor": {
            "r": 0.0,
            "g": 0.0,
            "b": 0.0,
            "a": 1.0
        },
        "EdgeSize": 1.0,
        "TextureIndex": -1,
        "SphereTextureIndex": -1,
        "SphereMode": 0,
        "ToonFlag": 2,
        "ToonTextureIndex": 0,
        "FaceNum": 24576
    }
}